1.451839343133267124e-01 1.452125754849440120e-01 1.453776533005624039e-01 1.457718697813195630e-01 1.464715223557482293e-01 1.475364699629081455e-01 1.490113082851979298e-01 1.509561262164963724e-01 1.533834708913852096e-01 1.563162126035193000e-01 1.597690750408234384e-01 1.637636791209616804e-01 1.682974058046707577e-01 1.733966989486725452e-01 1.790912199176326880e-01 1.854136810804082047e-01 1.924309191399837249e-01 2.001984783288379421e-01 2.088090636588757487e-01 2.183404868506815810e-01 2.288883481301011436e-01 2.405506481236819871e-01 2.533406247836064162e-01 2.671897670128867142e-01 2.818922066817712291e-01 2.972076576325001218e-01 2.818922066817712291e-01 2.671897670128867142e-01 2.533406247836063607e-01 2.405506481236819316e-01 2.288883481301011436e-01 2.183404868506815810e-01 2.088090636588757487e-01 2.001984783288379144e-01 1.924309191399837249e-01 1.854136810804082047e-01 1.790912199176326880e-01 1.733966989486725452e-01 1.682974058046707577e-01 1.637636791209616804e-01 1.597690750408234661e-01 1.563162126035193278e-01 1.533834708913852096e-01 1.509561262164963724e-01 1.490113082851979298e-01 1.475364699629081455e-01 1.464715223557482293e-01 1.457718697813195630e-01 1.453776533005624039e-01 1.452125754849440120e-01 1.451839343133267124e-01 1.487343485399347798e-01 1.527019753495603704e-01 1.571796073327388354e-01 1.622773094131426119e-01 1.680935674074960362e-01 1.747118199317148068e-01 1.822335530617643640e-01 1.906784724962047317e-01 2.001041302385067611e-01 2.104762108020345746e-01 2.217265275984860173e-01 2.337348504836957996e-01 2.463493162502235212e-01 2.595120094786820264e-01 2.731910546658741779e-01 2.873385328192304966e-01 3.019516322010091236e-01 3.169416304893232228e-01 3.323963526056730733e-01 3.481676518924580743e-01 3.642137324003618115e-01 3.802873905372632923e-01 3.959444271561937123e-01 4.108362468005183343e-01 4.243822140488161532e-01 4.362834222754506386e-01 4.465188265205615181e-01 4.553335574131417429e-01 4.628892245705449326e-01 4.692936241971879530e-01 4.746851240457263810e-01 4.792148159988872669e-01 4.829989854403397009e-01 4.861851573484095579e-01 4.888304484589314214e-01 4.910228959892048994e-01 4.928559313491900351e-01 4.943525884631456702e-01 4.955935202165226983e-01 4.966078760143055604e-01 4.974247444613242308e-01 4.980927502633786808e-01 4.986187710459961675e-01 4.990324147632464458e-01 4.993530525829831257e-01 4.995954488950146710e-01 4.997719069161519756e-01 4.998926544123699078e-01 4.999662529405647926e-01
1.452125754849440120e-01 1.487343485399347798e-01 1.489023144395204001e-01 1.493074603450963433e-01 1.500341942095959613e-01 1.511415276383398787e-01 1.526768436856647815e-01 1.546737522049868863e-01 1.572048765317834995e-01 1.602414773429434169e-01 1.638531470870684403e-01 1.680149882832524255e-01 1.727540415072619240e-01 1.780994988082298669e-01 1.840830840048900408e-01 1.907385103798276693e-01 1.981468906004727470e-01 2.063411000872620582e-01 2.154334577916209026e-01 2.254850865838529672e-01 2.365866809573099472e-01 2.487426259656529970e-01 2.619595870234084911e-01 2.760483517379030416e-01 2.907472330934472438e-01 3.059251600592863274e-01 2.907472330934472438e-01 2.760483517379029861e-01 2.619595870234084356e-01 2.487426259656529970e-01 2.365866809573099472e-01 2.254850865838529672e-01 2.154334577916209026e-01 2.063411000872620304e-01 1.981468906004726915e-01 1.907385103798276971e-01 1.840830840048900408e-01 1.780994988082298669e-01 1.727540415072619240e-01 1.680149882832524255e-01 1.638531470870684681e-01 1.602414773429434169e-01 1.572048765317834995e-01 1.546737522049868863e-01 1.526768436856647815e-01 1.511415276383398787e-01 1.500341942095959613e-01 1.493074603450963433e-01 1.489023144395204001e-01 1.487343485399347798e-01 1.487343485399347798e-01 1.488387248734685531e-01 1.528060992085873981e-01 1.572833286128164920e-01 1.623804999877294930e-01 1.681961096601468642e-01 1.748139010392469883e-01 1.823361560402077530e-01 1.907814599871317240e-01 2.002055587764325073e-01 2.105770771286334386e-01 2.218261797041365668e-01 2.338334866239349386e-01 2.464457810214491784e-01 2.596074123489001129e-01 2.732844171067547179e-01 2.874311809179672661e-01 3.020423722102639208e-01 3.170321322795919827e-01 3.324852322184367326e-01 3.482571276474675792e-01 3.643022387594191391e-01 3.803753768044104699e-01 3.960297670684296834e-01 4.109221910813781742e-01 4.244655975673883308e-01 4.363636035094393684e-01 4.465953788880598907e-01 4.554043778586348568e-01 4.629571319990192224e-01 4.693567833732817940e-01 4.747440421607467265e-01 4.792699324137703054e-01 4.830518580516124372e-01 4.862347983840952792e-01 4.888772277636870278e-01 4.910678712953859826e-01 4.928985881273154623e-01 4.943937470953551072e-01 4.956328818596761332e-01 4.966460622668640856e-01 4.974616141700022864e-01 4.981287613241647261e-01 4.986540717571302794e-01 4.990671619572919493e-01 4.993873894005693703e-01 4.996295018270737742e-01 4.998057826816171278e-01 4.999264368342901665e-01 4.999999999999996114e-01
1.453776533005624039e-01 1.489023144395204001e-01 1.527019753495603704e-01 1.531185056999102567e-01 1.538589864715783628e-01 1.550010681434389470e-01 1.565982824214867675e-01 1.586782200775420648e-01 1.612932695095682656e-01 1.644627090143819248e-01 1.682167570059079076e-01 1.725560286605471449e-01 1.775099325193924549e-01 1.831093193540008213e-01 1.893865524584318893e-01 1.963745101740241583e-01 2.041709041005707603e-01 2.127977449336823368e-01 2.223402744071084625e-01 2.328614613906647146e-01 2.443856451960896292e-01 2.569236903607615696e-01 2.703625849182020868e-01 2.844827806447836060e-01 2.990751577044141185e-01 3.140485598338083606e-01 2.990751577044141185e-01 2.844827806447836060e-01 2.703625849182020868e-01 2.569236903607616251e-01 2.443856451960896292e-01 2.328614613906647146e-01 2.223402744071084625e-01 2.127977449336823090e-01 2.041709041005707048e-01 1.963745101740241861e-01 1.893865524584318893e-01 1.831093193540008213e-01 1.775099325193924549e-01 1.725560286605471449e-01 1.682167570059079353e-01 1.644627090143819248e-01 1.612932695095682656e-01 1.586782200775420648e-01 1.565982824214867675e-01 1.550010681434389470e-01 1.538589864715783628e-01 1.531185056999102567e-01 1.527019753495603704e-01 1.527019753495603704e-01 1.527019753495603704e-01 1.528060992085873981e-01 1.530340029942470759e-01 1.575103328400764557e-01 1.626063217416719997e-01 1.684204884982080930e-01 1.750406168608822921e-01 1.825606019133385050e-01 1.910067043800914854e-01 2.004273506091048540e-01 2.107975868030377842e-01 2.220451212052202694e-01 2.340489945274594474e-01 2.466564749895236996e-01 2.598157055749785727e-01 2.734881695209595009e-01 2.876332743378857693e-01 3.022401993282485266e-01 3.172293131159676371e-01 3.326787544378581596e-01 3.484517981107017603e-01 3.644946527467010644e-01 3.805665123055362309e-01 3.962150253309572601e-01 4.111086398620568128e-01 4.246484435642626787e-01 4.365374598407771867e-01 4.467613816136800087e-01 4.555579970736679529e-01 4.631044801617030249e-01 4.694938855264521038e-01 4.748719911066862642e-01 4.793896735586605784e-01 4.831667627423786859e-01 4.863427161890326866e-01 4.889789538003487812e-01 4.911656980695102703e-01 4.929913926923423784e-01 4.944833088172215785e-01 4.957185473001787801e-01 4.967291803396252647e-01 4.975418758567830557e-01 4.982071607139261227e-01 4.987309299046607802e-01 4.991428190266029019e-01 4.994621558721651366e-01 4.997036521523298691e-01 4.998795484599807271e-01 4.999999999999995559e-01 5.000735631657091673e-01
1.457718697813195630e-01 1.493074603450963433e-01 1.531185056999102567e-01 1.571796073327388354e-01 1.579480380548886898e-01 1.591208229208400660e-01 1.607740217855905540e-01 1.629378733460286888e-01 1.656446029713851686e-01 1.689476033553652390e-01 1.728513356304780257e-01 1.773744654227087658e-01 1.825477590664746075e-01 1.884024363156349691e-01 1.949698667466615021e-01 2.022965972413230396e-01 2.104463993481819062e-01 2.194697200859983266e-01 2.294128199976059324e-01 2.403073938604068371e-01 2.521715956834591488e-01 2.649118570080823964e-01 2.783962454092414052e-01 2.924310021442187990e-01 3.068594467558410921e-01 3.215931962681737311e-01 3.068594467558410921e-01 2.924310021442187435e-01 2.783962454092413497e-01 2.649118570080823964e-01 2.521715956834591488e-01 2.403073938604068371e-01 2.294128199976059324e-01 2.194697200859983544e-01 2.104463993481818784e-01 2.022965972413230951e-01 1.949698667466615021e-01 1.884024363156349691e-01 1.825477590664746075e-01 1.773744654227087658e-01 1.728513356304780535e-01 1.689476033553652390e-01 1.656446029713851686e-01 1.629378733460286888e-01 1.607740217855905540e-01 1.591208229208400660e-01 1.579480380548886898e-01 1.571796073327388354e-01 1.571796073327388354e-01 1.571796073327388354e-01 1.571796073327388354e-01 1.572833286128164920e-01 1.575103328400764557e-01 1.578828251694996965e-01 1.629768372551351763e-01 1.687885947468437398e-01 1.754124935591977741e-01 1.829286992984190952e-01 1.913760335184850891e-01 2.007909459602364166e-01 2.111589873284766550e-01 2.224056651466863599e-01 2.344019774944627599e-01 2.470014556969598318e-01 2.601566141198020654e-01 2.738215005634859200e-01 2.879637164506926861e-01 3.025634880675153737e-01 3.175513185343035727e-01 3.329945710098122236e-01 3.487692163162205428e-01 3.648081298501957836e-01 3.808776416400342923e-01 3.965256939268967940e-01 4.114116899945454708e-01 4.249455084662231985e-01 4.368198986041034182e-01 4.470311001723711875e-01 4.558076964932313846e-01 4.633440783997975765e-01 4.697169370415139600e-01 4.750802554257906873e-01 4.795846717155397565e-01 4.833539556562463924e-01 4.865185965687196523e-01 4.891447997988038199e-01 4.913252312124675725e-01 4.931427760382456338e-01 4.946294334968714956e-01 4.958583420278087628e-01 4.968648382339894143e-01 4.976728898290256886e-01 4.983351478708687443e-01 4.988564109288245452e-01 4.992663468701096230e-01 4.995842352081445448e-01 4.998247292500369587e-01 4.999999999999996669e-01 5.001204515400186068e-01 5.001942173183823170e-01
1.464715223557482293e-01 1.500341942095959613e-01 1.538589864715783628e-01 1.579480380548886898e-01 1.622773094131426119e-01 1.634938804886237607e-01 1.651959111374630973e-01 1.674433400005264916e-01 1.702473649099935926e-01 1.736825438228780938e-01 1.777396982086891786e-01 1.824484756960397525e-01 1.878398439925320629e-01 1.939439560924239303e-01 2.007894274573412963e-01 2.084378044587528733e-01 2.169115670255335748e-01 2.262727424445951652e-01 2.365492467234954765e-01 2.477405054801715689e-01 2.597849744493060942e-01 2.725931329530290603e-01 2.860166786271639561e-01 2.999166193077414388e-01 3.141307144806509966e-01 3.285732435404444263e-01 3.141307144806509966e-01 2.999166193077413833e-01 2.860166786271639561e-01 2.725931329530290603e-01 2.597849744493060942e-01 2.477405054801715689e-01 2.365492467234954765e-01 2.262727424445951374e-01 2.169115670255335471e-01 2.084378044587529011e-01 2.007894274573412963e-01 1.939439560924239303e-01 1.878398439925320629e-01 1.824484756960397525e-01 1.777396982086892341e-01 1.736825438228780938e-01 1.702473649099935926e-01 1.674433400005264916e-01 1.651959111374630973e-01 1.634938804886237607e-01 1.622773094131426119e-01 1.622773094131426119e-01 1.622773094131426119e-01 1.622773094131426119e-01 1.622773094131426119e-01 1.623804999877294652e-01 1.626063217416719719e-01 1.629768372551351763e-01 1.635156775846954846e-01 1.693238667917700835e-01 1.759531412733711941e-01 1.834637671679813509e-01 1.919127650898242443e-01 2.013249624328015130e-01 2.116874166890635456e-01 2.229292019432818628e-01 2.349143646222759119e-01 2.475020518508427858e-01 2.606510833923653125e-01 2.743047605767281460e-01 2.884425166020005982e-01 3.030320411226105626e-01 3.180172648447798789e-01 3.334542302527842006e-01 3.492277546954138945e-01 3.652605601551462411e-01 3.813262599539828934e-01 3.969737075179551322e-01 4.118479358885527852e-01 4.253729353640591793e-01 4.372262692389775607e-01 4.474192477942399715e-01 4.561717252049488636e-01 4.636892196329004956e-01 4.700384428436918949e-01 4.753806270722873428e-01 4.798721151684055553e-01 4.836242081748141075e-01 4.867726367397628984e-01 4.893844427408707842e-01 4.915558253380674647e-01 4.933616589829911137e-01 4.948407648583228458e-01 4.960605649899979541e-01 4.970611105304974520e-01 4.978629754091477566e-01 4.985203742935043758e-01 4.990380270987758715e-01 4.994451491559749323e-01 4.997609502971515072e-01 4.999999999999995559e-01 5.001752707499622641e-01 5.002963478476694092e-01 5.003704981729255596e-01
1.475364699629081455e-01 1.511415276383398787e-01 1.550010681434389470e-01 1.591208229208400660e-01 1.634938804886237607e-01 1.680935674074959529e-01 1.698487456451291955e-01 1.721780288629576328e-01 1.750842258211964264e-01 1.786458437391647003e-01 1.828559558004328456e-01 1.877469379248908610e-01 1.933487079888918103e-01 1.996888445765050424e-01 2.067939670533960050e-01 2.147296208908858195e-01 2.235008893197931723e-01 2.331429515260894647e-01 2.436608385567197443e-01 2.550149539281693079e-01 2.671308147204259908e-01 2.798826452296171441e-01 2.931921727895583918e-01 3.069171980181560344e-01 3.208823315815766408e-01 3.350075629110698117e-01 3.208823315815766408e-01 3.069171980181559789e-01 2.931921727895583918e-01 2.798826452296171441e-01 2.671308147204259908e-01 2.550149539281693079e-01 2.436608385567197443e-01 2.331429515260894370e-01 2.235008893197931445e-01 2.147296208908858473e-01 2.067939670533960050e-01 1.996888445765050424e-01 1.933487079888918103e-01 1.877469379248908610e-01 1.828559558004328456e-01 1.786458437391647003e-01 1.750842258211964264e-01 1.721780288629576328e-01 1.698487456451291955e-01 1.680935674074959529e-01 1.680935674074959529e-01 1.680935674074959529e-01 1.680935674074959529e-01 1.680935674074959529e-01 1.680935674074959529e-01 1.681961096601468086e-01 1.684204884982080652e-01 1.687885947468436842e-01 1.693238667917700280e-01 1.700601608942823861e-01 1.766874854661583671e-01 1.841904109686627877e-01 1.926414749729537523e-01 2.020519207507596171e-01 2.124083104310350301e-01 2.236393763211707020e-01 2.356091725595416964e-01 2.481806292366306455e-01 2.613210426478010939e-01 2.749592282014415856e-01 2.890905515056862995e-01 3.036756131442431283e-01 3.186469874898500976e-01 3.340837174840802781e-01 3.498463283957139458e-01 3.658702781908307888e-01 3.819302058836611113e-01 3.975761673158093035e-01 4.124341329619881646e-01 4.259469804788608149e-01 4.377720468642649632e-01 4.479406916066746014e-01 4.566715290572419539e-01 4.641534451740197409e-01 4.704712019991180716e-01 4.757852267897877407e-01 4.802608424289193101e-01 4.839886625009773846e-01 4.871154178938610912e-01 4.897079493839259223e-01 4.918672290892993626e-01 4.936573566762154641e-01 4.951263414477471980e-01 4.963339066847655690e-01 4.973264608720642244e-01 4.981211983170215629e-01 4.987708741282221303e-01 4.992836704854390351e-01 4.996870072142314267e-01 4.999999999999996669e-01 5.002390497028476046e-01 5.004157647918547891e-01 5.005378441278343082e-01 5.006126105994299635e-01
1.490113082851979298e-01 1.526768436856647815e-01 1.565982824214867675e-01 1.607740217855905540e-01 1.651959111374630973e-01 1.698487456451291955e-01 1.747118199317147791e-01 1.771181843680449952e-01 1.801248191767808593e-01 1.838080799178247182e-01 1.881661262186828942e-01 1.932303926030623786e-01 1.990284653417095373e-01 2.055838559862711856e-01 2.129341149760272112e-01 2.210999272150121209e-01 2.301101165247482483e-01 2.399588172642941331e-01 2.506226453392815801e-01 2.620432247564847827e-01 2.741233138350609999e-01 2.867906619106321275e-01 2.999477854368408081e-01 3.134613340650586055e-01 3.271505336276243625e-01 3.409426348713716082e-01 3.271505336276243625e-01 3.134613340650586055e-01 2.999477854368407526e-01 2.867906619106321275e-01 2.741233138350609999e-01 2.620432247564847827e-01 2.506226453392815801e-01 2.399588172642940775e-01 2.301101165247481928e-01 2.210999272150121209e-01 2.129341149760272112e-01 2.055838559862711856e-01 1.990284653417095373e-01 1.932303926030623786e-01 1.881661262186829497e-01 1.838080799178247460e-01 1.801248191767808593e-01 1.771181843680449952e-01 1.747118199317147791e-01 1.747118199317147791e-01 1.747118199317147791e-01 1.747118199317147791e-01 1.747118199317147791e-01 1.747118199317147791e-01 1.747118199317147791e-01 1.748139010392469328e-01 1.750406168608822366e-01 1.754124935591976908e-01 1.759531412733711664e-01 1.766874854661583116e-01 1.776414851057800393e-01 1.851342421348746992e-01 1.935877079973339354e-01 2.029955906771969132e-01 2.133438158454136202e-01 2.245606806470815675e-01 2.365102147208481553e-01 2.490685671101956489e-01 2.621891217263999652e-01 2.758167297222536840e-01 2.899292863320933056e-01 3.045079518317086453e-01 3.194607525692518823e-01 3.348963821458542656e-01 3.506440830071152481e-01 3.666557365639515620e-01 3.827073167070969562e-01 3.983503721982009638e-01 4.131868165859373665e-01 4.266836273173407745e-01 4.384724714924256861e-01 4.486101159874084088e-01 4.573135141291506112e-01 4.647502721286602689e-01 4.710280693076261405e-01 4.763129552191446292e-01 4.807617872728576769e-01 4.844586599208081656e-01 4.875577529766562668e-01 4.901256393709698678e-01 4.922694575815387275e-01 4.940394629461812848e-01 4.954954884659414360e-01 4.966873493752987923e-01 4.976696472437611707e-01 4.984552327820906403e-01 4.990949790797503116e-01 4.996015306504935638e-01 4.999999999999996669e-01 5.003129927857679071e-01 5.005548508440244015e-01 5.007336531298898219e-01 5.008571809733965985e-01 5.009328380427076066e-01
1.509561262164963724e-01 1.546737522049868863e-01 1.586782200775420648e-01 1.629378733460286888e-01 1.674433400005264916e-01 1.721780288629576328e-01 1.771181843680449952e-01 1.822335530617644195e-01 1.853342723516282486e-01 1.891331096873066775e-01 1.936294722042711802e-01 1.988527669985183377e-01 2.048270071142224147e-01 2.115702497387160486e-01 2.191265586406378474e-01 2.274824100439638563e-01 2.366583306951283994e-01 2.466333758151188216e-01 2.573591187970251659e-01 2.687580274084624965e-01 2.807597570684297605e-01 2.933044580410427149e-01 3.062845208086696913e-01 3.195690333592306476e-01 3.329629526084948443e-01 3.464044708636045966e-01 3.329629526084948443e-01 3.195690333592305921e-01 3.062845208086697468e-01 2.933044580410427704e-01 2.807597570684297605e-01 2.687580274084624965e-01 2.573591187970251659e-01 2.466333758151188216e-01 2.366583306951283716e-01 2.274824100439638563e-01 2.191265586406378474e-01 2.115702497387160486e-01 2.048270071142224147e-01 1.988527669985183377e-01 1.936294722042712080e-01 1.891331096873067052e-01 1.853342723516282486e-01 1.822335530617644195e-01 1.822335530617644195e-01 1.822335530617644195e-01 1.822335530617644195e-01 1.822335530617644195e-01 1.822335530617644195e-01 1.822335530617644195e-01 1.822335530617644195e-01 1.823361560402078085e-01 1.825606019133385327e-01 1.829286992984191784e-01 1.834637671679814064e-01 1.841904109686628155e-01 1.851342421348747269e-01 1.863408396421884494e-01 1.947776450483607313e-01 2.041819077389021297e-01 2.145194791264535272e-01 2.257181225290799120e-01 2.376421999344768554e-01 2.501839478146967721e-01 2.632783403306988568e-01 2.768931810626954482e-01 2.909804780825023807e-01 3.055503030345801951e-01 3.204824908358712143e-01 3.359121298045861792e-01 3.516400753325336082e-01 3.676403217074908358e-01 3.836750755580912720e-01 3.993130848381630238e-01 4.141219043423431945e-01 4.275981806317097345e-01 4.393421663268766153e-01 4.494416638227420879e-01 4.581114697644916300e-01 4.654928983204301707e-01 4.717220626668275907e-01 4.769802367070464233e-01 4.813868101474239047e-01 4.850455491822217580e-01 4.881105161217709210e-01 4.906533666968413421e-01 4.927726478749100414e-01 4.945177188758164699e-01 4.959576945060535924e-01 4.971300531242706100e-01 4.980996134713605583e-01 4.988738280930298252e-01 4.995012207354704303e-01 4.999999999999997224e-01 5.003984693495060476e-01 5.007163295145604653e-01 5.009619729012235734e-01 5.011435890711750663e-01 5.012690700953388312e-01 5.013459282428693875e-01
1.533834708913852096e-01 1.572048765317834995e-01 1.612932695095682656e-01 1.656446029713851686e-01 1.702473649099935926e-01 1.750842258211964264e-01 1.801248191767808593e-01 1.853342723516282486e-01 1.906784724962049538e-01 1.945797621134726652e-01 1.992005239273606509e-01 2.045637797235415334e-01 2.106888376299691223e-01 2.175974657833272263e-01 2.253040980666090043e-01 2.338033058600802738e-01 2.430821653297081386e-01 2.531042489814047114e-01 2.638121313185906036e-01 2.751481429560502234e-01 2.870542347237797776e-01 2.994382449318592765e-01 3.122177105357313853e-01 3.252585593852566070e-01 3.383449487129028266e-01 3.514294951026578073e-01 3.383449487129028266e-01 3.252585593852566070e-01 3.122177105357313298e-01 2.994382449318593320e-01 2.870542347237797776e-01 2.751481429560502234e-01 2.638121313185906036e-01 2.531042489814046559e-01 2.430821653297081109e-01 2.338033058600803016e-01 2.253040980666090043e-01 2.175974657833272263e-01 2.106888376299691223e-01 2.045637797235415334e-01 1.992005239273607065e-01 1.945797621134727207e-01 1.906784724962049538e-01 1.906784724962049538e-01 1.906784724962049538e-01 1.906784724962049538e-01 1.906784724962049538e-01 1.906784724962049538e-01 1.906784724962049538e-01 1.906784724962049538e-01 1.906784724962049538e-01 1.907814599871319738e-01 1.910067043800917352e-01 1.913760335184853112e-01 1.919127650898245219e-01 1.926414749729539744e-01 1.935877079973341575e-01 1.947776450483609534e-01 1.962478519991323056e-01 2.056370439792037097e-01 2.159610447055325677e-01 2.271380052853656795e-01 2.390410477305646153e-01 2.515499915470568726e-01 2.646176211798557110e-01 2.782101947351239279e-01 2.922789177799315907e-01 3.068230817241213715e-01 3.217478526484773838e-01 3.371498437212984145e-01 3.528647012949799322e-01 3.688621563273901671e-01 3.848808542494656093e-01 4.004801739291916629e-01 4.152654323862073893e-01 4.287048814945569886e-01 4.404204465924361211e-01 4.504533384117505590e-01 4.590783933517083026e-01 4.663939090453916303e-01 4.725894764838592943e-01 4.777914472655535594e-01 4.821474942481730475e-01 4.857604876493705204e-01 4.887844647588566738e-01 4.913020040706784775e-01 4.933869060319042710e-01 4.951018732912068065e-01 4.965224802934639081e-01 4.976715459041169964e-01 4.986253729944855051e-01 4.993858157860469049e-01 4.999999999999999445e-01 5.004987792645293476e-01 5.009050209202494663e-01 5.012291258717775921e-01 5.014796257064952911e-01 5.016648521291310336e-01 5.017928392860737663e-01 5.018712386758350519e-01
1.563162126035193000e-01 1.602414773429434169e-01 1.644627090143819248e-01 1.689476033553652390e-01 1.736825438228780938e-01 1.786458437391647003e-01 1.838080799178247182e-01 1.891331096873066775e-01 1.945797621134726652e-01 2.001041302385067611e-01 2.048316774390922523e-01 2.103118763888817688e-01 2.165583700523839306e-01 2.235944791464703485e-01 2.314035860840510939e-01 2.399867617360017524e-01 2.493030710950100703e-01 2.593133875524856191e-01 2.699735895273995823e-01 2.812222432431361607e-01 2.930078078577252887e-01 3.052148132206585207e-01 3.177751765744417645e-01 3.305544108708819429e-01 3.433376434173578962e-01 3.560654569494086097e-01 3.433376434173578962e-01 3.305544108708818873e-01 3.177751765744417645e-01 3.052148132206585762e-01 2.930078078577252887e-01 2.812222432431361607e-01 2.699735895273995823e-01 2.593133875524855081e-01 2.493030710950100703e-01 2.399867617360017524e-01 2.314035860840510939e-01 2.235944791464703485e-01 2.165583700523839306e-01 2.103118763888817688e-01 2.048316774390922801e-01 2.001041302385067611e-01 2.001041302385067611e-01 2.001041302385067611e-01 2.001041302385067611e-01 2.001041302385067611e-01 2.001041302385067611e-01 2.001041302385067611e-01 2.001041302385067611e-01 2.001041302385067611e-01 2.001041302385067611e-01 2.002055587764325073e-01 2.004273506091048540e-01 2.007909459602364166e-01 2.013249624328015130e-01 2.020519207507596171e-01 2.029955906771969132e-01 2.041819077389021020e-01 2.056370439792037375e-01 2.074046088815060529e-01 2.177072437456580578e-01 2.288588214748792371e-01 2.407213583224784292e-01 2.531903566551584328e-01 2.662360075675244131e-01 2.797900977154426649e-01 2.938417186199929754e-01 3.083509695678307017e-01 3.232617531196447791e-01 3.386328469542562170e-01 3.543455481315668787e-01 3.703178246884152314e-01 3.863188177554718883e-01 4.018832043825854572e-01 4.166538897878124259e-01 4.300347448423823549e-01 4.417124032679556334e-01 4.516895229302100856e-01 4.602262057594527778e-01 4.674902598796113473e-01 4.736215675000852721e-01 4.787579398422270316e-01 4.830549409087335766e-01 4.866142541634310703e-01 4.895961882225792206e-01 4.920778153916428588e-01 4.941221587391977366e-01 4.958083148905628734e-01 4.971992702331518021e-01 4.983270408770541504e-01 4.992558941674674067e-01 4.999999999999998335e-01 5.006141842139530951e-01 5.011261719069699527e-01 5.015447672179090821e-01 5.018788016829780485e-01 5.021370245908518548e-01 5.023271101709740893e-01 5.024581241432166667e-01 5.025383858299974360e-01
1.597690750408234384e-01 1.638531470870684403e-01 1.682167570059079076e-01 1.728513356304780257e-01 1.777396982086891786e-01 1.828559558004328456e-01 1.881661262186828942e-01 1.936294722042711802e-01 1.992005239273606509e-01 2.048316774390922523e-01 2.104762108020345468e-01 2.160475054089049662e-01 2.223881922715497950e-01 2.295046437299716469e-01 2.373698788360653900e-01 2.459800762010707631e-01 2.552887016063866144e-01 2.652630248070005914e-01 2.758546379257678649e-01 2.870024927967388395e-01 2.986429600985576194e-01 3.106631758850665337e-01 3.229916860241059950e-01 3.354950004825764109e-01 3.479879249309033029e-01 3.603866501967714076e-01 3.479879249309033029e-01 3.354950004825764109e-01 3.229916860241059395e-01 3.106631758850664782e-01 2.986429600985576194e-01 2.870024927967388395e-01 2.758546379257678649e-01 2.652630248070005914e-01 2.552887016063866144e-01 2.459800762010707909e-01 2.373698788360653900e-01 2.295046437299716469e-01 2.223881922715497950e-01 2.160475054089049662e-01 2.104762108020345468e-01 2.104762108020345468e-01 2.104762108020345468e-01 2.104762108020345468e-01 2.104762108020345468e-01 2.104762108020345468e-01 2.104762108020345468e-01 2.104762108020345468e-01 2.104762108020345468e-01 2.104762108020345468e-01 2.104762108020345468e-01 2.105770771286334386e-01 2.107975868030377842e-01 2.111589873284766272e-01 2.116874166890635456e-01 2.124083104310350023e-01 2.133438158454135924e-01 2.145194791264534717e-01 2.159610447055324567e-01 2.177072437456580578e-01 2.197789618297597558e-01 2.308932179128416196e-01 2.427071032089183622e-01 2.551457897892799309e-01 2.681469949970715638e-01 2.816735560142190620e-01 2.956849771397539461e-01 3.101754125012906038e-01 3.250438176739647300e-01 3.404062745533883994e-01 3.560837739606811936e-01 3.720235844517787438e-01 3.879984987300673094e-01 4.035517687988992019e-01 4.182716212037682069e-01 4.316158134287835790e-01 4.432164633063309656e-01 4.531295845436220660e-01 4.615796556832546527e-01 4.687809941456071994e-01 4.748289769109168557e-01 4.798902679194668175e-01 4.841196115034315239e-01 4.876215921121852537e-01 4.905622292431084386e-01 4.929906655140763316e-01 4.949880275051470324e-01 4.966441907342750151e-01 4.979972818044975380e-01 4.991002632516839954e-01 5.000000000000002220e-01 5.007441058325325933e-01 5.013746270055148280e-01 5.019003865286395527e-01 5.023303527562390514e-01 5.026735391279359977e-01 5.029388894695026035e-01 5.031351617660108078e-01 5.032708196603749018e-01 5.033539377331360809e-01
1.637636791209616804e-01 1.680149882832524255e-01 1.725560286605471449e-01 1.773744654227087658e-01 1.824484756960397525e-01 1.877469379248908610e-01 1.932303926030623786e-01 1.988527669985183377e-01 2.045637797235415334e-01 2.103118763888817688e-01 2.160475054089049662e-01 2.217265275984860173e-01 2.281280116311647510e-01 2.352793879469242955e-01 2.431587316157026724e-01 2.517573098241509544e-01 2.610427633504835421e-01 2.709680279204259024e-01 2.814753208892238900e-01 2.925067499060234333e-01 3.039907061309219949e-01 3.158130407936656781e-01 3.279095851376284121e-01 3.401340608455314385e-01 3.523713136542586666e-01 3.644380966934053778e-01 3.523713136542586666e-01 3.401340608455314940e-01 3.279095851376283566e-01 3.158130407936657336e-01 3.039907061309219949e-01 2.925067499060234333e-01 2.814753208892238900e-01 2.709680279204259024e-01 2.610427633504834866e-01 2.517573098241509544e-01 2.431587316157026724e-01 2.352793879469242955e-01 2.281280116311647510e-01 2.217265275984860173e-01 2.217265275984860173e-01 2.217265275984860173e-01 2.217265275984860173e-01 2.217265275984860173e-01 2.217265275984860173e-01 2.217265275984860173e-01 2.217265275984860173e-01 2.217265275984860173e-01 2.217265275984860173e-01 2.217265275984860173e-01 2.217265275984860173e-01 2.218261797041365668e-01 2.220451212052202694e-01 2.224056651466863599e-01 2.229292019432818628e-01 2.236393763211707020e-01 2.245606806470815675e-01 2.257181225290799120e-01 2.271380052853656240e-01 2.288588214748792371e-01 2.308932179128416196e-01 2.332745496199929436e-01 2.450416801158576685e-01 2.574260150644670508e-01 2.703851616001847757e-01 2.838713494417542949e-01 2.978479664361225465e-01 3.122956291884222413e-01 3.271425406625756427e-01 3.424619773972111814e-01 3.581088183307070127e-01 3.740296375406940155e-01 3.899616093328137634e-01 4.054708977100899836e-01 4.201296843040768780e-01 4.334289620253762298e-01 4.449450846369552570e-01 4.547825928564765419e-01 4.631704875728437920e-01 4.702668005295195242e-01 4.762213152189241905e-01 4.811983430503692372e-01 4.853662279777639088e-01 4.888084942242639230e-01 4.916821178896113032e-01 4.940499521567921493e-01 4.959976204874229078e-01 4.976156515631950938e-01 4.989254523391679630e-01 5.000000000000001110e-01 5.008997367483162266e-01 5.016729591229456275e-01 5.023284540958831146e-01 5.028699468757293900e-01 5.033126506247013188e-01 5.036660933152344866e-01 5.039394350100019349e-01 5.041416579721913482e-01 5.042814526998213864e-01 5.043671181403240888e-01
1.682974058046707577e-01 1.727540415072619240e-01 1.775099325193924549e-01 1.825477590664746075e-01 1.878398439925320629e-01 1.933487079888918103e-01 1.990284653417095373e-01 2.048270071142224147e-01 2.106888376299691223e-01 2.165583700523839306e-01 2.223881922715497950e-01 2.281280116311647510e-01 2.337348504836957996e-01 2.408899123502729611e-01 2.487629430151130083e-01 2.573364745259509312e-01 2.665786200289044783e-01 2.764414868330120623e-01 2.868652670707070307e-01 2.977678291513188857e-01 3.090913046524583208e-01 3.207207070782172598e-01 3.325796435250691907e-01 3.445334969503855427e-01 3.565077797542769988e-01 3.682849968429505183e-01 3.565077797542769988e-01 3.445334969503854317e-01 3.325796435250691352e-01 3.207207070782173153e-01 3.090913046524583208e-01 2.977678291513188857e-01 2.868652670707070307e-01 2.764414868330120068e-01 2.665786200289044228e-01 2.573364745259509867e-01 2.487629430151130083e-01 2.408899123502729611e-01 2.337348504836957996e-01 2.337348504836957996e-01 2.337348504836957996e-01 2.337348504836957996e-01 2.337348504836957996e-01 2.337348504836957996e-01 2.337348504836957996e-01 2.337348504836957996e-01 2.337348504836957996e-01 2.337348504836957996e-01 2.337348504836957996e-01 2.337348504836957996e-01 2.337348504836957996e-01 2.338334866239349386e-01 2.340489945274594474e-01 2.344019774944627599e-01 2.349143646222759119e-01 2.356091725595416964e-01 2.365102147208481553e-01 2.376421999344768554e-01 2.390410477305645598e-01 2.407213583224784292e-01 2.427071032089183622e-01 2.450416801158576685e-01 2.477311295994661933e-01 2.600666630416506586e-01 2.729757994797372689e-01 2.864132976222709681e-01 3.003491629502614280e-01 3.147530450396483492e-01 3.295598004671222991e-01 3.448404899206779506e-01 3.604635558889468516e-01 3.763370005748616354e-01 3.922271620799458458e-01 4.076848567387542643e-01 4.223051714669699419e-01 4.355085708858177362e-01 4.469668884723725366e-01 4.566959297583073618e-01 4.649754417359402425e-01 4.719592151342768549e-01 4.778342680861675795e-01 4.827296251607471334e-01 4.868072643271751376e-01 4.901661475081423580e-01 4.929648959144489195e-01 4.952646045974527511e-01 4.971697643852787118e-01 4.987314349699583094e-01 5.000000000000004441e-01 5.010745476608327031e-01 5.020027181955033502e-01 5.028007297668486419e-01 5.034775197065368690e-01 5.040423054939469072e-01 5.045045115340590636e-01 5.048736585522533016e-01 5.051592351416775983e-01 5.053705665031291705e-01 5.055166911827790877e-01 5.056062529046455589e-01
1.733966989486725452e-01 1.780994988082298669e-01 1.831093193540008213e-01 1.884024363156349691e-01 1.939439560924239303e-01 1.996888445765050424e-01 2.055838559862711856e-01 2.115702497387160486e-01 2.175974657833272263e-01 2.235944791464703485e-01 2.295046437299716469e-01 2.352793879469242955e-01 2.408899123502729611e-01 2.463493162502235212e-01 2.542036576283072669e-01 2.627431234632239265e-01 2.719312391461323197e-01 2.817163242178351568e-01 2.920409183676068166e-01 3.028324631559120017e-01 3.139950773226798386e-01 3.254383623853317475e-01 3.370619479745422531e-01 3.487808800212550686e-01 3.604594783924500168e-01 3.720278709699524899e-01 3.604594783924500168e-01 3.487808800212550131e-01 3.370619479745421421e-01 3.254383623853318031e-01 3.139950773226798386e-01 3.028324631559120017e-01 2.920409183676068166e-01 2.817163242178351013e-01 2.719312391461323197e-01 2.627431234632239820e-01 2.542036576283072669e-01 2.463493162502235212e-01 2.463493162502235212e-01 2.463493162502235212e-01 2.463493162502235212e-01 2.463493162502235212e-01 2.463493162502235212e-01 2.463493162502235212e-01 2.463493162502235212e-01 2.463493162502235212e-01 2.463493162502235212e-01 2.463493162502235212e-01 2.463493162502235212e-01 2.463493162502235212e-01 2.463493162502235212e-01 2.464457810214491784e-01 2.466564749895236996e-01 2.470014556969598318e-01 2.475020518508428413e-01 2.481806292366306455e-01 2.490685671101957044e-01 2.501839478146967721e-01 2.515499915470568726e-01 2.531903566551584328e-01 2.551457897892799309e-01 2.574260150644670508e-01 2.600666630416506586e-01 2.630901948273084434e-01 2.759444989894822564e-01 2.893313146080599418e-01 3.032177582828163853e-01 3.175678658167234714e-01 3.323351150256446118e-01 3.475667819826514515e-01 3.631376276454631458e-01 3.789706996589449206e-01 3.947933739216663573e-01 4.102108300608637292e-01 4.247444873350306183e-01 4.378861657922401007e-01 4.492298770286761167e-01 4.588665744753653297e-01 4.670213413836696859e-01 4.739168735385168585e-01 4.796714270416929660e-01 4.844572243616112606e-01 4.884359421091562514e-01 4.917030853925657974e-01 4.944192170152276189e-01 4.966630274556078084e-01 4.985010873062628578e-01 5.000000000000004441e-01 5.012685650300424678e-01 5.023843484368055723e-01 5.033558092657257621e-01 5.041916851094375707e-01 5.048981267087936375e-01 5.054822811241839187e-01 5.059605370538188263e-01 5.063426433237849800e-01 5.066383410170092194e-01 5.068572239617544772e-01 5.070086073076578437e-01 5.071014118726848707e-01
1.790912199176326880e-01 1.840830840048900408e-01 1.893865524584318893e-01 1.949698667466615021e-01 2.007894274573412963e-01 2.067939670533960050e-01 2.129341149760272112e-01 2.191265586406378474e-01 2.253040980666090043e-01 2.314035860840510939e-01 2.373698788360653900e-01 2.431587316157026724e-01 2.487629430151130083e-01 2.542036576283072669e-01 2.595120094786820264e-01 2.680124913507020423e-01 2.771398710318944691e-01 2.868425966581178987e-01 2.970610994842926011e-01 3.077217204142136397e-01 3.187414089004899087e-01 3.300325487108141109e-01 3.414506406326434096e-01 3.529316836797096735e-01 3.643738179802000765e-01 3.756542019984379088e-01 3.643738179802000765e-01 3.529316836797096180e-01 3.414506406326433541e-01 3.300325487108141664e-01 3.187414089004899087e-01 3.077217204142136397e-01 2.970610994842926011e-01 2.868425966581178432e-01 2.771398710318944691e-01 2.680124913507020423e-01 2.595120094786820264e-01 2.595120094786820264e-01 2.595120094786820264e-01 2.595120094786820264e-01 2.595120094786820264e-01 2.595120094786820264e-01 2.595120094786820264e-01 2.595120094786820264e-01 2.595120094786820264e-01 2.595120094786820264e-01 2.595120094786820264e-01 2.595120094786820264e-01 2.595120094786820264e-01 2.595120094786820264e-01 2.595120094786820264e-01 2.596074123489001129e-01 2.598157055749785727e-01 2.601566141198020654e-01 2.606510833923653125e-01 2.613210426478010939e-01 2.621891217263999652e-01 2.632783403306988013e-01 2.646176211798556555e-01 2.662360075675244131e-01 2.681469949970715638e-01 2.703851616001847757e-01 2.729757994797372689e-01 2.759444989894822564e-01 2.793208618345260352e-01 2.926536713605816242e-01 3.064837424108549646e-01 3.207766331847999308e-01 3.354907667822221717e-01 3.506670720801960406e-01 3.662058156264888509e-01 3.819702347806138154e-01 3.977245878876987661e-01 4.130575050578035867e-01 4.275187705153268292e-01 4.405374919632484287e-01 4.517926363257331324e-01 4.612903503051052345e-01 4.693463835719857702e-01 4.760973202443100627e-01 4.817219895151170772e-01 4.863891373906806814e-01 4.902648993180570569e-01 4.934441986992536000e-01 4.960834516564294194e-01 4.982398719585587887e-01 5.000000000000001110e-01 5.014989126937375863e-01 5.028302356147213992e-01 5.040023795125773143e-01 5.050119724948533007e-01 5.058778412608027075e-01 5.066130939680962841e-01 5.072273521250904027e-01 5.077305424184617166e-01 5.081327709107009705e-01 5.084441746619330349e-01 5.086747687875325941e-01 5.088343019304900627e-01 5.089321287046144615e-01
1.854136810804082047e-01 1.907385103798276693e-01 1.963745101740241583e-01 2.022965972413230396e-01 2.084378044587528733e-01 2.147296208908858195e-01 2.210999272150121209e-01 2.274824100439638563e-01 2.338033058600802738e-01 2.399867617360017524e-01 2.459800762010707631e-01 2.517573098241509544e-01 2.573364745259509312e-01 2.627431234632239265e-01 2.680124913507020423e-01 2.731910546658741223e-01 2.822550108076212760e-01 2.918752072317318813e-01 3.019906205723167369e-01 3.125271197462384798e-01 3.233983119310382959e-01 3.345116662238923899e-01 3.457945802333347585e-01 3.571045194400987999e-01 3.683175503797779804e-01 3.793986648187041011e-01 3.683175503797779804e-01 3.571045194400987444e-01 3.457945802333347030e-01 3.345116662238923899e-01 3.233983119310382959e-01 3.125271197462384798e-01 3.019906205723167369e-01 2.918752072317318258e-01 2.822550108076212205e-01 2.731910546658741779e-01 2.731910546658741223e-01 2.731910546658741223e-01 2.731910546658741223e-01 2.731910546658741223e-01 2.731910546658741223e-01 2.731910546658741223e-01 2.731910546658741223e-01 2.731910546658741223e-01 2.731910546658741223e-01 2.731910546658741223e-01 2.731910546658741223e-01 2.731910546658741223e-01 2.731910546658741223e-01 2.731910546658741223e-01 2.731910546658741223e-01 2.732844171067546624e-01 2.734881695209595009e-01 2.738215005634859200e-01 2.743047605767280905e-01 2.749592282014415856e-01 2.758167297222536285e-01 2.768931810626953927e-01 2.782101947351238724e-01 2.797900977154426649e-01 2.816735560142190620e-01 2.838713494417542393e-01 2.864132976222709681e-01 2.893313146080598863e-01 2.926536713605816242e-01 2.964081384346165526e-01 3.101921323809362918e-01 3.243996696395038404e-01 3.390775311215382115e-01 3.541724626209507010e-01 3.696594806580060233e-01 3.853585747203356338e-01 4.010088884652019958e-01 4.162682336827583374e-01 4.306070780648650898e-01 4.435384323419708785e-01 4.546485138824346572e-01 4.640320182211186140e-01 4.719135282482587179e-01 4.785454692208989669e-01 4.840427392778346438e-01 4.885845669769771638e-01 4.923375001857897004e-01 4.954044383017364717e-01 4.979400865513781138e-01 5.000000000000000000e-01 5.017601280414414333e-01 5.033369725443923581e-01 5.047353954025473044e-01 5.059500478432077397e-01 5.070093344859237794e-01 5.079221846083571412e-01 5.086979959293219666e-01 5.093466333031588800e-01 5.098743606290303543e-01 5.102920506160739667e-01 5.106155572591293268e-01 5.108552002011961246e-01 5.110210461996513853e-01 5.111227722363130832e-01
